id,Status_C,Status_CL,Status_D
15000,0.15192838293717323,0.016379375921915025,0.8316922411409117
15001,0.7496970362517438,0.0031021948062578642,0.24720076894199847
15002,0.9063182427152789,0.002882578792282092,0.09079917849243889
15003,0.9109123712672766,0.01645233236460046,0.07263529636812295
15004,0.8156546606187904,0.011655873621655613,0.17268946575955404
15005,0.3589503418107424,0.08614520276835091,0.5549044554209067
15006,0.7415841946985895,0.0038737914213562603,0.2545420138800542
15007,0.16351616174146355,0.04419109215923407,0.7922927460993023
15008,0.7760323505133145,0.039208016241099534,0.18475963324558578
15009,0.6452827664271272,0.003106207844019811,0.35161102572885305
15010,0.7219697223225235,0.014343033307641504,0.2636872443698348
15011,0.9300920452138984,0.0024172652590067007,0.06749068952709478
15012,0.8229682420347965,0.009687244527411145,0.16734451343779244
15013,0.9796511136751316,0.0015141026232241709,0.018834783701644132
15014,0.9755681712125233,0.007875110596439666,0.016556718191037104
15015,0.06101773854917362,0.015340400207398582,0.9236418612434277
15016,0.960376461418362,0.008936531702029696,0.03068700687960837
15017,0.9430032403511388,0.016398812341273893,0.04059794730758726
15018,0.7829683960493224,0.05098258686107146,0.16604901708960615
15019,0.7291420018260879,0.009784116049750444,0.2610738821241617
15020,0.9031056290840901,0.006592852179491331,0.09030151873641856
15021,0.34635292120326555,0.020453427710224435,0.63319365108651
15022,0.9589581539146866,0.003229003389561125,0.03781284269575227
15023,0.9684455619668025,0.01067553143668416,0.020878906596513362
15024,0.3800708831641595,0.1520494674946255,0.467879649341215
15025,0.3786743006095819,0.012232385057439267,0.6090933143329789
15026,0.6643107681914724,0.004709691480603615,0.3309795403279239
15027,0.03333216894339058,0.003303367134279778,0.9633644639223297
15028,0.9442887137758237,0.03001075761425459,0.025700528609921697
15029,0.5177463095668764,0.02985623618995405,0.45239745424316957
15030,0.22148010686263297,0.12182940505481435,0.6566904880825527
15031,0.8938671621593242,0.03376876054947666,0.07236407729119916
15032,0.9281560621990327,0.01678356068948222,0.05506037711148506
15033,0.9011083127111121,0.00685008788587386,0.09204159940301396
15034,0.12218392330090559,0.041055380275909936,0.8367606964231844
15035,0.6902076026572337,0.0710287718152101,0.23876362552755612
15036,0.1152230525944275,0.020025180763408378,0.8647517666421641
15037,0.12753050020980053,0.010529397339637437,0.8619401024505621
15038,0.48662863300257797,0.14240308476742117,0.3709682822300007
15039,0.8941972385966696,0.010302803507793161,0.09549995789553734
15040,0.1030928015390829,0.024230902435208174,0.872676296025709
15041,0.04553530638803452,0.01094112076546416,0.9435235728465015
15042,0.909263854712058,0.006521606376320589,0.08421453891162152
15043,0.8120910768029527,0.0034978850654582795,0.18441103813158904
15044,0.4834021886889967,0.014590143143434993,0.5020076681675683
15045,0.7505887946596544,0.03705146968954006,0.21235973565080551
15046,0.9169549034743455,0.03583113088834289,0.04721396563731153
15047,0.852934959256983,0.02806252508872349,0.11900251565429337
15048,0.13309415830440832,0.004531973836162493,0.8623738678594293
15049,0.2664069934850331,0.04506842935150386,0.688524577163463
15050,0.8198295105461079,0.004759327483544916,0.17541116197034728
15051,0.920997212312632,0.02029116388606597,0.0587116238013021
15052,0.12925201234423545,0.03275576679361624,0.8379922208621484
15053,0.9348061664022181,0.035858684922566865,0.029335148675215188
15054,0.8341061788017402,0.022071225134937516,0.1438225960633222
15055,0.962473955588652,0.006881866319232587,0.030644178092115233
15056,0.7254303154762552,0.05803549924375913,0.2165341852799857
15057,0.8143664868481836,0.0702473958695812,0.11538611728223522
15058,0.9546937456480602,0.006424025017727983,0.03888222933421184
15059,0.9325934770051463,0.008609627398705267,0.05879689559614837
15060,0.6836399332374818,0.015275248320374153,0.301084818442144
15061,0.6609116399520976,0.013600112283265152,0.32548824776463736
15062,0.46082546499334354,0.21420497305394778,0.32496956195270854
15063,0.8075884172938582,0.004896074410497989,0.18751550829564392
15064,0.8004280680823348,0.02162304727741604,0.17794888464024908
15065,0.9779576024804413,0.00513378218788586,0.01690861533167296
15066,0.36661446243700735,0.0335626694029606,0.599822868160032
15067,0.6430941401877445,0.004550048459043277,0.35235581135321237
15068,0.9800339149171292,0.013242405800727174,0.00672367928214354
15069,0.8796864716553495,0.007802884854117229,0.11251064349053326
15070,0.901875594638101,0.04049539648282118,0.05762900887907782
15071,0.7356158054293928,0.003381014170481964,0.2610031804001254
15072,0.9615816547201779,0.0022769912346508187,0.03614135404517131
15073,0.06658022618731044,0.01812749974747114,0.9152922740652184
15074,0.9558137097559111,0.016301078519632733,0.027885211724456148
15075,0.31047137150684856,0.04246138431025847,0.6470672441828931
15076,0.6245625009323298,0.044844249791913766,0.33059324927575634
15077,0.8787808788337611,0.003924214143606125,0.11729490702263286
15078,0.8617604690998328,0.013033886164953429,0.12520564473521376
15079,0.9864382881320737,0.0026529662745356764,0.010908745593390716
15080,0.04603817864229968,0.005337744133380142,0.9486240772243201
15081,0.9123227975845788,0.018932959949365447,0.06874424246605576
15082,0.9485200542282187,0.027475242210068813,0.02400470356171261
15083,0.8215832865643043,0.06045416041965646,0.11796255301603921
15084,0.9764672468072965,0.008954464939355289,0.014578288253348424
15085,0.8052082211334418,0.1085334784623044,0.08625830040425375
15086,0.9028909728602359,0.0674239431439489,0.029685083995815383
15087,0.22024309261231773,0.011411855155519294,0.768345052232163
15088,0.5954422482901445,0.0051810354754953155,0.3993767162343603
15089,0.9632152063597494,0.001988834804012673,0.03479595883623775
15090,0.18452677937743953,0.010754985185987392,0.804718235436573
15091,0.9116638473852523,0.0543567950386176,0.03397935757612998
15092,0.9041982166098204,0.002675394849727553,0.093126388540452
15093,0.9672736573485139,0.005917471163999735,0.02680887148748638
15094,0.4181824529368933,0.12033513564820696,0.4614824114148997
15095,0.6886748526262414,0.04473140967869843,0.2665937376950601
15096,0.950583117075734,0.024369482049573066,0.025047400874692878
15097,0.9293757392313478,0.05244570545752457,0.01817855531112771
15098,0.3073399895897507,0.022863528118191426,0.669796482292058
15099,0.7745120464221988,0.009321561359442542,0.2161663922183587
15100,0.8246985231603439,0.02623307430519422,0.14906840253446202
15101,0.9612030076416147,0.0072715348992623404,0.031525457459122885
15102,0.03105639997451573,0.002394169632420017,0.9665494303930642
15103,0.9715659845662417,0.011064839563293542,0.017369175870464857
15104,0.8962852148346723,0.02640153692390645,0.07731324824142138
15105,0.058434366562653016,0.004188797355680795,0.9373768360816662
15106,0.06332726511927222,0.005425807458798599,0.9312469274219293
15107,0.3820210140360523,0.03348597662165182,0.5844930093422959
15108,0.5723599936686159,0.04578641942251379,0.3818535869088702
15109,0.9573997493336003,0.001989111769623167,0.04061113889677647
15110,0.8461781697528457,0.0491600065320499,0.10466182371510442
15111,0.8713023665598247,0.08052454796831335,0.048173085471862075
15112,0.9575284196684245,0.004529298461280043,0.03794228187029553
15113,0.9916377941082795,0.005909638300667916,0.0024525675910527364
15114,0.21401396630898506,0.02393664398654876,0.7620493897044662
15115,0.8276108231943072,0.045933853892868706,0.1264553229128241
15116,0.8794591789628902,0.003911434287024752,0.11662938675008495
15117,0.38800320765020024,0.008556214026615187,0.6034405783231845
15118,0.6463611373725465,0.006055561960773269,0.3475833006666803
15119,0.25436902908093373,0.005377414010465913,0.7402535569086004
15120,0.6718379836426642,0.00936197459852661,0.31880004175880905
15121,0.9722926935390327,0.006791414334902106,0.020915892126065105
15122,0.9594154660564586,0.009297102623512713,0.03128743132002877
15123,0.4014803511158642,0.023558725242128636,0.5749609236420071
15124,0.10524847547795056,0.0196736872249066,0.8750778372971427
15125,0.8569898532765866,0.0054487320754375455,0.13756141464797586
15126,0.3716729265308716,0.3182237505619641,0.31010332290716436
15127,0.48120099695872415,0.01801449997909883,0.500784503062177
15128,0.9941631671239393,0.0015093260838236451,0.0043275067922370946
15129,0.08053049319193785,0.03237874403330551,0.8870907627747565
15130,0.7006660834811907,0.0317782422079804,0.2675556743108288
15131,0.16208607148064444,0.02010448795677895,0.8178094405625767
15132,0.9582020212439483,0.008233347744930246,0.03356463101112146
15133,0.13646010735382777,0.028625329425127265,0.834914563221045
15134,0.9716728089301754,0.006237666922893931,0.022089524146930793
15135,0.48424966822623966,0.013567860604642991,0.5021824711691173
15136,0.8836336002412666,0.010625472669527661,0.10574092708920586
15137,0.18974157966661948,0.006095741979625152,0.8041626783537554
15138,0.9400129499757387,0.017959393762601267,0.042027656261659954
15139,0.9678893910090024,0.00847689345517201,0.023633715535825668
15140,0.835729375175589,0.012137935477800193,0.15213268934661095
15141,0.7828173187321336,0.009175074869992753,0.20800760639787366
15142,0.5244720545969378,0.197445192558808,0.27808275284425416
15143,0.5459539992338815,0.056346593187390936,0.3976994075787274
15144,0.8209645663614179,0.018358570708461187,0.1606768629301209
15145,0.9736080965840398,0.014337341900344368,0.01205456151561588
15146,0.25478731004459854,0.002239137774301782,0.7429735521810997
15147,0.9567284508635928,0.006139874578317763,0.037131674558089425
15148,0.32802672645127445,0.0389677472460096,0.6330055263027161
15149,0.8551498261390668,0.024901051003688966,0.11994912285724424
15150,0.9778806731736107,0.010253622295976341,0.011865704530413001
15151,0.9511193110892664,0.008897506264426813,0.039983182646306716
15152,0.9643521397668164,0.004343368094468473,0.031304492138715105
15153,0.9460862975443273,0.008738246839971372,0.045175455615701264
15154,0.9463546835862766,0.015459445944906364,0.03818587046881713
15155,0.9204286102012583,0.01152156829516266,0.06804982150357902
15156,0.015410453796913984,0.0014709704924766585,0.9831185757106092
15157,0.9659201730861483,0.009974008737672607,0.02410581817617917
15158,0.6592439540208087,0.009643676267826853,0.3311123697113645
15159,0.7622643363436752,0.01075720705092561,0.22697845660539928
15160,0.2672391672133464,0.011108260383775196,0.7216525724028783
15161,0.9235894111224974,0.0027061294504444108,0.07370445942705825
15162,0.9245006653638427,0.006496437438047544,0.06900289719810968
15163,0.28275471729892304,0.002426539014757126,0.7148187436863198
15164,0.9714360014732435,0.011331365260528152,0.01723263326622849
15165,0.9068610983419266,0.014020234318516395,0.0791186673395569
15166,0.534774648770979,0.0233331843368006,0.44189216689222044
15167,0.6778532096713468,0.01451625228154098,0.3076305380471122
15168,0.672397448107129,0.012945502881427524,0.31465704901144365
15169,0.8676541960628904,0.004187715689939467,0.12815808824717012
15170,0.9083656004425392,0.004387661211933387,0.08724673834552744
15171,0.46784279350601854,0.06645355239362383,0.4657036541003576
15172,0.9566110206106584,0.016939137334019833,0.026449842055321863
15173,0.9202151588171426,0.023620473984653934,0.05616436719820363
15174,0.18140152737798979,0.03746999348717371,0.7811284791348365
15175,0.8694096009942393,0.008887330750613022,0.12170306825514787
15176,0.9373178412559966,0.015550250748635842,0.047131907995367546
15177,0.9736630638113177,0.013086473347837505,0.01325046284084469
15178,0.46303181165644763,0.006831660787466228,0.5301365275560862
15179,0.962762676301421,0.011641554540803779,0.02559576915777503
15180,0.18446031939492705,0.010930524019924809,0.8046091565851482
15181,0.16717555961321962,0.0126974096865517,0.8201270307002287
15182,0.9749656035998451,0.0014176439425493132,0.02361675245760572
15183,0.4183972661566231,0.17317006144076275,0.40843267240261427
15184,0.48299837958969605,0.03782437914499926,0.47917724126530475
15185,0.9884665907084179,0.0012828978864985541,0.0102505114050835
15186,0.8449877802949542,0.026149294164378105,0.1288629255406675
15187,0.053854729735317367,0.01715715320047624,0.9289881170642064
15188,0.5222923837842075,0.011962703183423296,0.46574491303236915
15189,0.3054404068635442,0.07574269872763444,0.6188168944088214
15190,0.977626478002891,0.00514238876381255,0.01723113323329639
15191,0.9460941187989403,0.007126529583623312,0.04677935161743631
15192,0.9167069445365927,0.00764518254372068,0.07564787291968672
15193,0.08268742010962975,0.012992247979131458,0.9043203319112387
15194,0.03558570346535999,0.004179260955725701,0.9602350355789142
15195,0.28356109367878407,0.00421042919420036,0.7122284771270156
15196,0.7892123594901774,0.01757041408966379,0.19321722642015873
15197,0.4803315590554003,0.0022813506050735444,0.5173870903395261
15198,0.9842601882849308,0.0076497554282374675,0.008090056286831824
15199,0.9489914223822521,0.014043317956239943,0.03696525966150783
15200,0.10184930290230228,0.016838367799097656,0.8813123292986
15201,0.8292337127312773,0.008830542734508017,0.1619357445342145
15202,0.9305627310160436,0.03983157061810517,0.029605698365851377
15203,0.43051977950357107,0.10651375344752607,0.4629664670489029
15204,0.037942889552877855,0.00287189983165222,0.95918521061547
15205,0.9162780016369547,0.017790386123411737,0.06593161223963344
15206,0.5722055539097547,0.01044156413694845,0.41735288195329684
15207,0.21266527043322433,0.004699327884115605,0.78263540168266
15208,0.6591085212568439,0.0071247960164747244,0.33376668272668136
15209,0.9862004827205629,0.006905273827276556,0.006894243452160724
15210,0.9154336786202426,0.010772065948094978,0.07379425543166226
15211,0.9345085655099383,0.011810373141193055,0.053681061348868506
15212,0.9824099203956174,0.010463100799357933,0.007126978805024647
15213,0.7892822094720514,0.00215284058093506,0.20856494994701347
15214,0.9432210052153736,0.016889740919101504,0.03988925386552516
15215,0.06459894789994149,0.018675631367730046,0.9167254207323284
15216,0.8730871571341929,0.04453767456200384,0.08237516830380316
15217,0.9540135613565844,0.005481258552531747,0.04050518009088405
15218,0.9510305616078536,0.03488366501697294,0.01408577337517348
15219,0.9706530520077995,0.007341356293816979,0.022005591698383526
15220,0.9490562552915002,0.02226849296073584,0.028675251747763898
15221,0.6906475129887213,0.07232679331880712,0.2370256936924716
15222,0.9785729073238243,0.007398671075140342,0.0140284216010352
15223,0.9721167746532197,0.016580819480008047,0.011302405866772086
15224,0.6852870462261246,0.011164275373910012,0.3035486783999654
15225,0.9531324927762843,0.012926001202007976,0.03394150602170771
15226,0.6748439361875135,0.0022365807730291448,0.3229194830394573
15227,0.5075807408010711,0.04720653181785668,0.4452127273810721
15228,0.7902034693276363,0.001507909741656644,0.2082886209307072
15229,0.8438648211420915,0.01819001123570327,0.13794516762220516
15230,0.03792375309825271,0.0027490849344629993,0.9593271619672843
15231,0.07068822198293401,0.0037799034218845297,0.9255318745951814
15232,0.13720961466800424,0.027365553614835832,0.8354248317171599
15233,0.9425924796943542,0.027154623969249517,0.030252896336396454
15234,0.09241300437199408,0.013659662447751835,0.8939273331802541
15235,0.8304521654409982,0.030538192234672253,0.13900964232432955
15236,0.24388128675748472,0.02210719577291845,0.7340115174695968
15237,0.843113010368887,0.013094469092609296,0.14379252053850386
15238,0.5509810144847812,0.0035379663429343264,0.44548101917228444
15239,0.15042850618925807,0.03445564246812979,0.8151158513426121
15240,0.3730893465380587,0.0163914543460159,0.6105191991159253
15241,0.4457610135153359,0.1231986652026268,0.4310403212820373
15242,0.14416299831884352,0.04960833075242396,0.8062286709287325
15243,0.6867720650215722,0.030318300884401583,0.28290963409402636
15244,0.7146061925289869,0.006980217778585812,0.2784135896924273
15245,0.8920698084578452,0.003971170312878302,0.10395902122927649
15246,0.9267311551538585,0.0022058465929788835,0.07106299825316265
15247,0.3217229028505608,0.0026617157141887787,0.6756153814352505
15248,0.04558972513517528,0.011563912764825683,0.942846362099999
15249,0.8462074838011321,0.07732581545542919,0.07646670074343868
15250,0.9147737728684814,0.05594824321298207,0.029277983918536567
15251,0.872688198407737,0.007291293064973947,0.12002050852728907
15252,0.8229511784537948,0.04180908888204278,0.1352397326641623
15253,0.9129481770487009,0.008988038425779292,0.07806378452551983
15254,0.7996327051316575,0.0031850742951537708,0.19718222057318857
15255,0.9055327694989147,0.004009198426741151,0.09045803207434414
15256,0.14285087092536988,0.017810394627513045,0.839338734447117
15257,0.9728218034455501,0.011219628149919494,0.01595856840453032
15258,0.8103623235954796,0.002361159302919784,0.1872765171016007
15259,0.91320310940007,0.027397269205286727,0.05939962139464318
15260,0.9456110534981305,0.0031665147070546215,0.05122243179481494
15261,0.9504821418128155,0.008768059901420402,0.04074979828576401
15262,0.5718853593780313,0.1994931409536503,0.22862149966831838
15263,0.24012284887646865,0.0407931755730071,0.7190839755505243
15264,0.8622362825620769,0.010382577581139044,0.12738113985678395
15265,0.03021280252504368,0.003304603188408972,0.9664825942865473
15266,0.09321409455112263,0.007034418175325454,0.899751487273552
15267,0.4500137765218539,0.086294263652276,0.46369195982587014
15268,0.9893148664889613,0.005305492514614951,0.00537964099642365
15269,0.0704484196106776,0.03468812166652914,0.8948634587227933
15270,0.5771306961245309,0.18113211009822064,0.2417371937772485
15271,0.9540135886362614,0.00236456110078927,0.04362185026294916
15272,0.6594831788217953,0.012266374256210971,0.3282504469219939
15273,0.9276507883337983,0.04392148586106679,0.02842772580513512
15274,0.07668320125038368,0.004623940489376022,0.9186928582602403
15275,0.052796791036211946,0.009793965349352098,0.9374092436144359
15276,0.952627318560364,0.011981339748835078,0.03539134169080084
15277,0.95433209353139,0.004816510465678816,0.040851396002931126
15278,0.4632134884303292,0.010720867411949251,0.5260656441577214
15279,0.16461330769282875,0.037929978841044806,0.7974567134661263
15280,0.772793366891821,0.00663418655208912,0.22057244655608993
15281,0.629095318307427,0.01206283525778058,0.35884184643479233
15282,0.79511457754174,0.04597333583228629,0.1589120866259738
15283,0.685421758542013,0.03332801993905319,0.2812502215189338
15284,0.3014415985259288,0.04294564150112639,0.6556127599729448
15285,0.6975170837334862,0.00559860693635837,0.2968843093301555
15286,0.16036345793630188,0.10449632251363294,0.7351402195500653
15287,0.8212825326425645,0.005114215627958459,0.1736032517294772
15288,0.9348047987720969,0.033628220410115865,0.03156698081778732
15289,0.6323183103535884,0.1473765569484184,0.2203051326979931
15290,0.20929635427197785,0.019870384753273452,0.7708332609747487
15291,0.849912903262985,0.011845681330469718,0.13824141540654533
15292,0.9292405407557063,0.03856000237775606,0.0321994568665378
15293,0.04755555300535772,0.004093607340218948,0.9483508396544232
15294,0.9751922429838973,0.004904331341884094,0.01990342567421851
15295,0.9204647889470785,0.03694989272779475,0.042585318325126756
15296,0.8795314718039403,0.015780148842030318,0.10468837935402944
15297,0.13996240805764487,0.0073702307302862015,0.8526673612120689
15298,0.9932992431274456,0.00134765702488209,0.005353099847672357
15299,0.7792714089796496,0.04150836606212933,0.17922022495822099
15300,0.8031218394824954,0.004521636041628681,0.192356524475876
15301,0.049908556278677164,0.03517335242416228,0.9149180912971606
15302,0.9517848912181683,0.015507286921058393,0.03270782186077312
15303,0.39547900563905447,0.010136582506555325,0.5943844118543903
15304,0.8909743069919729,0.010146855185501394,0.09887883782252578
15305,0.6477545200073525,0.008377102262360612,0.34386837773028694
15306,0.9817192528332216,0.004530925196881333,0.013749821969896969
15307,0.8184631568192252,0.01186938428328329,0.16966745889749155
15308,0.8268898588269049,0.005137992040522281,0.16797214913257288
15309,0.4296750845636338,0.06445402259916244,0.5058708928372038
15310,0.9839500348782807,0.006983423520891382,0.009066541600827965
15311,0.29501902639611394,0.005416025834652011,0.6995649477692341
15312,0.38227553285197835,0.12799831713092932,0.48972615001709224
15313,0.8289750942337893,0.011508700990651516,0.1595162047755591
15314,0.9944395220129059,0.002395428086886205,0.0031650499002079465
15315,0.5382917715420217,0.06786831315643221,0.3938399153015461
15316,0.8802181094790036,0.004375591150413043,0.11540629937058357
15317,0.7427259826010613,0.0066548789550788775,0.2506191384438599
15318,0.9253231404205984,0.008453608090522906,0.06622325148887884
15319,0.13418933928287788,0.017870643586723058,0.8479400171303991
15320,0.39346244692862054,0.03136639600429568,0.5751711570670837
15321,0.24463828685537492,0.07034359040912941,0.6850181227354958
15322,0.9510750279429033,0.0043475764950212355,0.04457739556207526
15323,0.9808641623669778,0.00655151911143479,0.012584318521587224
15324,0.8179739672989439,0.025324112278447393,0.15670192042260875
15325,0.10253027103578884,0.023567074522300408,0.8739026544419107
15326,0.8709345981676799,0.008507310772560395,0.1205580910597596
15327,0.1260614492431464,0.024650342593786824,0.8492882081630667
15328,0.835066184100441,0.004633188370610475,0.16030062752894864
15329,0.7543026739281374,0.003468515624852005,0.24222881044701053
15330,0.04098603954308594,0.003541342206046837,0.9554726182508672
15331,0.9839427170986876,0.0026023071814110293,0.013454975719901398
15332,0.4032985562730728,0.0850266150538101,0.5116748286731171
15333,0.7919396958882178,0.0054878402481742345,0.20257246386360797
15334,0.987839842048384,0.005026293554597565,0.007133864397018156
15335,0.9615200198561829,0.0010224856804285796,0.03745749446338865
15336,0.9836321070909029,0.003351173487083197,0.013016719422013863
15337,0.7845198822145107,0.0032246899131600157,0.21225542787232923
15338,0.9830499769837113,0.002978779143186433,0.013971243873102229
15339,0.9348028579801834,0.001994766632254825,0.0632023753875617
15340,0.9560097370509916,0.0020690207190079413,0.04192124223000049
15341,0.8248363540695356,0.016147778661336303,0.15901586726912798
15342,0.9573902046512817,0.0072542318598321975,0.03535556348888623
15343,0.8033111047579216,0.05038376712378968,0.14630512811828875
15344,0.7413333152431882,0.06918877616351418,0.18947790859329763
15345,0.08857715399917358,0.007135753933680877,0.9042870920671456
15346,0.31623362153965046,0.0019538814853487453,0.6818124969750009
15347,0.876979844126005,0.034577461769216306,0.08844269410477865
15348,0.8899498714445349,0.007995267803493763,0.10205486075197132
15349,0.944675456345218,0.003225280886625452,0.05209926276815651
15350,0.9493654291691669,0.015098253809209533,0.035536317021623576
15351,0.8448755910103612,0.009840499292015028,0.14528390969762373
15352,0.7807009813551629,0.02696521855464619,0.19233380009019102
15353,0.7329376416533536,0.010514706783482758,0.25654765156316367
15354,0.802912284049082,0.0218378198074137,0.1752498961435045
15355,0.9023179366875228,0.027682102874081044,0.06999996043839601
15356,0.7492034547044353,0.005713998655660041,0.2450825466399047
15357,0.9607889109561389,0.005779876103098317,0.033431212940762595
15358,0.9204652169729478,0.033895351803369334,0.04563943122368285
15359,0.5865816119606866,0.012109908706593099,0.4013084793327204
15360,0.86303810761709,0.02341429995555362,0.11354759242735638
15361,0.937771658250327,0.04929485506756694,0.012933486682106223
15362,0.7828566929751767,0.03185662433827202,0.18528668268655116
15363,0.9469063599772762,0.01315267915502803,0.03994096086769585
15364,0.8673195207898987,0.004229175399228647,0.12845130381087255
15365,0.6896328919070115,0.023672192798620876,0.2866949152943676
15366,0.19517759400915233,0.006725116939748012,0.7980972890510997
15367,0.968804821933192,0.005910151488368086,0.02528502657844005
15368,0.946631619374773,0.02870198415165624,0.024666396473570728
15369,0.6671909916001194,0.03012999169555516,0.30267901670432545
15370,0.9328601844845887,0.006006083307725643,0.06113373220768564
15371,0.15309139748822706,0.004271381962600884,0.8426372205491721
15372,0.9497871442958378,0.0020015506235996675,0.048211305080562615
15373,0.8860412600990683,0.006441525188067766,0.10751721471286403
15374,0.963222202721986,0.01513766216219891,0.02164013511581503
15375,0.911634607273373,0.03853336848654211,0.04983202424008484
15376,0.9905975565106819,0.006117449033816435,0.0032849944555016267
15377,0.7992745380683118,0.02685109479404966,0.17387436713763849
15378,0.9895144438402329,0.004070215152722988,0.006415341007044189
15379,0.5003151135006668,0.024027610879698274,0.4756572756196349
15380,0.991986153308342,0.001374091055543495,0.006639755636114744
15381,0.4227931316386217,0.10368167921329076,0.47352518914808767
15382,0.3460570855113799,0.006737086596841348,0.6472058278917786
15383,0.8696642785499845,0.045800211595135074,0.08453550985488045
15384,0.032060159030461534,0.008041704782633902,0.9598981361869047
15385,0.8597977312894752,0.04168283617872743,0.09851943253179732
15386,0.6643806101049259,0.08815095968142457,0.24746843021364948
15387,0.9711301447601349,0.003242975980702432,0.025626879259162672
15388,0.9501844602337569,0.0016143778361496796,0.0482011619300932
15389,0.9251505565057296,0.0038288542234198326,0.07102058927085039
15390,0.670833938187811,0.0092385299637103,0.31992753184847866
15391,0.7169524441303372,0.011834680460331698,0.27121287540933103
15392,0.8899720543512466,0.05458429239438187,0.055443653254371436
15393,0.12446890582196961,0.023555429639110094,0.8519756645389204
15394,0.9274125203993986,0.012879423474344271,0.05970805612625725
15395,0.7269048129946238,0.007568136558404837,0.26552705044697134
15396,0.7022957274025484,0.01258858824985283,0.2851156843475987
15397,0.8822005639463428,0.00584495694104502,0.11195447911261215
15398,0.9538152519828588,0.018686740046247163,0.02749800797089405
15399,0.8405310227246812,0.03137789289058498,0.1280910843847339
15400,0.8633892522970271,0.0190209734765439,0.11758977422642893
15401,0.8309443270037504,0.0241157836583159,0.14493988933793375
15402,0.40781922356986167,0.040386658185211824,0.5517941182449265
15403,0.26666928721382155,0.02580108332782191,0.7075296294583566
15404,0.8019748719035591,0.029765650040121976,0.16825947805631905
15405,0.7991134412544487,0.005178652927551829,0.19570790581799943
15406,0.18192570907290903,0.00793258860513157,0.8101417023219595
15407,0.5882347667216579,0.02964057709317956,0.38212465618516256
15408,0.7678264006260442,0.015300235632332014,0.2168733637416239
15409,0.9248646771864458,0.04439399279888233,0.030741330014672004
15410,0.48136095007167007,0.01990475045135793,0.49873429947697206
15411,0.9513030171826726,0.0037850913866480386,0.04491189143067926
15412,0.44021566656113464,0.07081474955848147,0.48896958388038403
15413,0.04051330236789578,0.010774423518734151,0.9487122741133701
15414,0.9819811638913275,0.0076687060343581855,0.010350130074314512
15415,0.25051338035667114,0.05865861919160963,0.6908280004517192
15416,0.8106768824843544,0.006882110543958412,0.18244100697168714
15417,0.4313522352285717,0.04417934103111939,0.524468423740309
15418,0.6149044321326271,0.04909492422929448,0.3360006436380784
15419,0.6301457091919169,0.12946930702259796,0.24038498378548506
15420,0.039554328910985426,0.019014148729134428,0.94143152235988
15421,0.020191982834062216,0.0023596426494838082,0.977448374516454
15422,0.7500137250786361,0.06691336550221497,0.18307290941914892
15423,0.20047927634970297,0.007404028613340837,0.7921166950369563
15424,0.16579191723307143,0.030165151881045675,0.8040429308858829
15425,0.9662011464680961,0.0018382299269835702,0.031960623604920524
15426,0.884644715217992,0.00678687067335306,0.10856841410865499
15427,0.905615174873235,0.0472375031753883,0.04714732195137683
15428,0.26995310720449445,0.04309056750419575,0.6869563252913097
15429,0.7603265649858345,0.007434882289685988,0.23223855272447957
15430,0.9451496304428212,0.03214461436731133,0.022705755189867508
15431,0.6915267763327004,0.049609940176722954,0.25886328349057663
15432,0.9424416711790151,0.014042533967631901,0.04351579485335293
15433,0.9335531279810343,0.005066421527638972,0.061380450491326836
15434,0.16160340376213372,0.021722011498896,0.8166745847389703
15435,0.9476616981073851,0.005671532057268368,0.046666769835346573
15436,0.5911341671080187,0.006369169646966543,0.40249666324501476
15437,0.18799262080841184,0.12575099256020084,0.6862563866313873
15438,0.9198166177503622,0.036972334118513035,0.04321104813112479
15439,0.037690261179179625,0.0031434404702459667,0.9591662983505743
15440,0.23140626488360705,0.007891793296910863,0.7607019418194821
15441,0.032216243232122035,0.002022675072221394,0.9657610816956567
15442,0.49760913730317036,0.02869892840699045,0.47369193428983913
15443,0.47058757217219005,0.02092808304207612,0.5084843447857338
15444,0.794587104331389,0.035968830584741006,0.16944406508387014
15445,0.5029944078376293,0.00666866106511282,0.4903369310972578
15446,0.9717859423653872,0.01925342602512546,0.008960631609487383
15447,0.8735820384285935,0.005702859100941077,0.12071510247046549
15448,0.03135010382312672,0.004524325174345636,0.9641255710025276
15449,0.9098395355247416,0.02650752889602253,0.06365293557923582
15450,0.7210259557797052,0.01612156925556125,0.26285247496473346
15451,0.1751110071073913,0.060437586006292746,0.7644514068863159
15452,0.9218080245696666,0.006157787538691105,0.0720341878916422
15453,0.8617923376225418,0.004249436449352501,0.1339582259281056
15454,0.8842018001320868,0.019192541232176532,0.09660565863573661
15455,0.5905829376662021,0.007967545342532006,0.4014495169912659
15456,0.9734853968443166,0.0030719715034309442,0.023442631652252553
15457,0.4524205950693777,0.004136596709963802,0.5434428082206584
15458,0.4455560996007447,0.1873111534692222,0.36713274693003317
15459,0.1289058815846382,0.017582343706797086,0.8535117747085647
15460,0.9586547020717748,0.0023622102401245145,0.038983087688100576
15461,0.46248502008937786,0.05114218055091884,0.48637279935970334
15462,0.10206777229134291,0.011408445621081422,0.8865237820875758
15463,0.3470125302016187,0.01212244746878767,0.6408650223295935
15464,0.8259393940605515,0.038062495279369654,0.13599811066007877
15465,0.8075605023919717,0.015559261758958531,0.17688023584906962
15466,0.9855565441684512,0.006105236814506116,0.008338219017042531
15467,0.3446007291272493,0.01089269848241703,0.6445065723903336
15468,0.22760214752340466,0.03512521585068339,0.7372726366259119
15469,0.7493849085744633,0.027940867968180988,0.22267422345735569
15470,0.9265063063759984,0.032213690443562225,0.04128000318043937
15471,0.7911223143149295,0.019191894696762763,0.1896857909883078
15472,0.9505479872903708,0.021574341654164466,0.027877671055464646
15473,0.505980493218697,0.017410449893659558,0.47660905688764343
15474,0.15359820898423263,0.005462529409177794,0.8409392616065896
15475,0.9274541625801247,0.007937067338984092,0.06460877008089119
15476,0.582007941322468,0.010660042976531808,0.40733201570100014
15477,0.9251091351337964,0.007087215404032639,0.06780364946217093
15478,0.8762616958587257,0.02594302035133448,0.09779528378993986
15479,0.8784141385018052,0.024387889548276122,0.09719797194991871
15480,0.8339531440402116,0.016725413138243772,0.14932144282154458
15481,0.537398062036279,0.26671916503580967,0.19588277292791142
15482,0.7578874255872943,0.004909442214829242,0.2372031321978766
15483,0.9266283702434741,0.0029408253308098376,0.07043080442571605
15484,0.1502575554184679,0.029285563915766817,0.8204568806657654
15485,0.027104233525313687,0.005873660231251514,0.9670221062434348
15486,0.8310567684125268,0.01009155757177355,0.15885167401569955
15487,0.9836404310908972,0.002842718328251159,0.013516850580851756
15488,0.6055462578584904,0.03305907981398099,0.3613946623275287
15489,0.8461848920878576,0.0020247544479302854,0.1517903534642119
15490,0.29535468749137866,0.08329816807661418,0.6213471444320071
15491,0.9297145435883002,0.05463739913213927,0.015648057279560555
15492,0.9178278160183712,0.004236751916234904,0.0779354320653939
15493,0.42141487410258716,0.0269758060343477,0.5516093198630652
15494,0.9676407085055883,0.0042758441191066655,0.028083447375304927
15495,0.5748353653162289,0.005136073280089525,0.42002856140368144
15496,0.8688203641101582,0.004701783888835615,0.12647785200100617
15497,0.3627674448079973,0.003459926274446292,0.6337726289175565
15498,0.9103517361988669,0.0024365133935019736,0.08721175040763116
15499,0.9664621746685924,0.012649074537742973,0.020888750793664815
15500,0.6867774718567465,0.027180632629516636,0.2860418955137369
15501,0.9207877420467119,0.0060408195340469085,0.07317143841924115
15502,0.9499616200904003,0.0123073153600395,0.037731064549560246
15503,0.1786230898665403,0.010078356126177726,0.811298554007282
15504,0.17780541109884965,0.003924449167402793,0.8182701397337476
15505,0.04250212925441134,0.004489608625668247,0.9530082621199205
15506,0.4475248830982936,0.0029406580712473137,0.5495344588304591
15507,0.9075425203832171,0.0307862923216828,0.06167118729510004
15508,0.04522131531653143,0.005968076396414168,0.9488106082870543
15509,0.9604780872487181,0.01968574491222897,0.019836167839053016
15510,0.7773129761292814,0.0036303558653726573,0.21905666800534607
15511,0.9513059915713641,0.02628130600424364,0.02241270242439226
15512,0.4629075445779202,0.0030097859018528763,0.5340826695202269
15513,0.8585052723354984,0.01570980998702407,0.12578491767747763
15514,0.9091016689691919,0.03270750101478409,0.05819083001602411
15515,0.8714839706227484,0.010368270634519164,0.11814775874273244
15516,0.7478159860660966,0.019730712541870442,0.23245330139203288
15517,0.980713169089725,0.0028953784951140614,0.016391452415160893
15518,0.9542621337005652,0.0038061783554400297,0.041931687943994836
15519,0.6886772651600327,0.0041673387825272796,0.30715539605744013
15520,0.6855606322965303,0.006099770637739687,0.30833959706573
15521,0.9401111822998031,0.045646845646679944,0.01424197205351713
15522,0.9684993852086906,0.007156946977606045,0.024343667813703243
15523,0.9594450531584708,0.017972191426721712,0.022582755414807615
15524,0.14329174819336535,0.05901240491085117,0.7976958468957834
15525,0.7137994940449588,0.0043299428764380695,0.2818705630786031
15526,0.5470562780315785,0.01304361659861131,0.43990010536981017
15527,0.8762681016046383,0.018953137142391,0.1047787612529707
15528,0.7607914698115136,0.0047757590022575735,0.234432771186229
15529,0.895051731456345,0.0028706394464898277,0.10207762909716524
15530,0.9843430997415804,0.011916987029355381,0.003739913229064268
15531,0.061437041367082036,0.005078839237037199,0.9334841193958808
15532,0.09051918307237604,0.025802611034550824,0.8836782058930732
15533,0.9664017123159491,0.009922759001208405,0.023675528682842534
15534,0.45790533797358435,0.010999493088656451,0.5310951689377592
15535,0.9163411541935762,0.00525709366136265,0.07840175214506116
15536,0.4974255142408746,0.03920677277190914,0.4633677129872162
15537,0.3878214275595506,0.04550274970487181,0.5666758227355776
15538,0.947768720623707,0.012464531132949187,0.03976674824334398
15539,0.9516002981773999,0.013227347048007031,0.03517235477459314
15540,0.8508590506709865,0.009251547766946916,0.13988940156206658
15541,0.241001846252223,0.2109143608402769,0.5480837929075001
15542,0.9229822175095549,0.016309588798329746,0.060708193692115435
15543,0.9557031575749347,0.002284722730100222,0.04201211969496502
15544,0.9552425277547606,0.005184864643893171,0.03957260760134635
15545,0.4831376032554645,0.05610848305823031,0.4607539136863052
15546,0.8615071804825685,0.04778684805413055,0.090705971463301
15547,0.9288133452155085,0.0056523562479381395,0.06553429853655333
15548,0.5288431151151732,0.17278215896628507,0.29837472591854175
15549,0.9368269229179893,0.03529691403621659,0.027876163045794114
15550,0.06578089450497494,0.0407242521379711,0.893494853357054
15551,0.7995468436547567,0.015006015037268611,0.18544714130797482
15552,0.31524780533190117,0.013156461029189092,0.6715957336389098
15553,0.9597646400860533,0.00524916662291743,0.03498619329102915
15554,0.7657935274963602,0.03350825186123912,0.20069822064240073
15555,0.10822440614816489,0.06391744173012107,0.827858152121714
15556,0.9887768209555985,0.002025978036316874,0.009197201008084443
15557,0.7933657545166449,0.01324717689222155,0.19338706859113344
15558,0.9644615082174147,0.012588350131681478,0.022950141650903675
15559,0.8541965178995597,0.004116620469917846,0.14168686163052233
15560,0.9391319623302743,0.00788518818280413,0.05298284948692157
15561,0.12636219579039343,0.04548073138142848,0.8281570728281781
15562,0.9852204900113539,0.009604873643011488,0.005174636345634418
15563,0.9425264491935798,0.001979230190265781,0.055494320616154426
15564,0.09133005298471177,0.039887798266365314,0.8687821487489229
15565,0.33469339371251833,0.07033803026687287,0.5949685760206087
15566,0.9241036950442658,0.03984917524614929,0.03604712970958503
15567,0.9522617949412755,0.0013378936343354541,0.04640031142438894
15568,0.9152451083126344,0.03995497513296752,0.04479991655439811
15569,0.11965413845286856,0.08204958343873223,0.7982962781083992
15570,0.9662173249131403,0.009673198251529552,0.024109476835330185
15571,0.9885069768357542,0.0063975278784694865,0.005095495285776332
15572,0.9072126908184738,0.010504596387160862,0.08228271279436553
15573,0.5113028491888391,0.15549753115031406,0.3331996196608469
15574,0.04570610780627756,0.008926442522585202,0.9453674496711372
15575,0.9867065229830719,0.010073809821308372,0.0032196671956198027
15576,0.9001265276983226,0.0032629238368797916,0.09661054846479761
15577,0.13508605453273517,0.003000953522110176,0.8619129919451547
15578,0.7145774270874758,0.033678045992635054,0.2517445269198892
15579,0.45338495562318754,0.20901618177335002,0.33759886260346245
15580,0.6772758378969324,0.1583642632054673,0.1643598988976004
15581,0.16203868206425517,0.022753871174466814,0.815207446761278
15582,0.3792936415709645,0.04292204392383487,0.5777843145052005
15583,0.7342165006304034,0.008921038896779556,0.25686246047281697
15584,0.9091347025922192,0.004850272510861122,0.08601502489691965
15585,0.4535580911797623,0.03989845091462787,0.5065434579056098
15586,0.19927018581850256,0.07676760162369914,0.7239622125577982
15587,0.8685955683557144,0.019443020188540237,0.11196141145574531
15588,0.035248545398148104,0.0027556365377876917,0.9619958180640641
15589,0.5231411664551976,0.16340095789629636,0.3134578756485059
15590,0.9896132973393295,0.008682032307148986,0.0017046703535215826
15591,0.5511357454452973,0.17320217548564645,0.27566207906905615
15592,0.9033393126892459,0.0037883139456823148,0.09287237336507177
15593,0.9698004725751075,0.005611737995707601,0.02458778942918508
15594,0.038663400325711826,0.004127193182402978,0.9572094064918852
15595,0.6148757100394462,0.003598114202547001,0.38152617575800696
15596,0.7907557469594888,0.02368800127725307,0.1855562517632583
15597,0.9294241326720071,0.023422008547717244,0.0471538587802757
15598,0.9873272441530195,0.0072895522554342045,0.0053832035915462335
15599,0.05633390515186133,0.013285334964203076,0.9303807598839355
15600,0.6344506175290426,0.003416374608119917,0.3621330078628373
15601,0.6820602042191739,0.0028062998347777235,0.3151334959460484
15602,0.7830624969520863,0.009567156013891302,0.20737034703402255
15603,0.8895448190915605,0.006959423264649055,0.10349575764379064
15604,0.9039587018620254,0.003819814649407672,0.09222148348856694
15605,0.8359548117187195,0.08168109227161567,0.08236409600966485
15606,0.7134591115807567,0.038291094524301135,0.2482497938949422
15607,0.07930638641768598,0.011947585732030096,0.9087460278502838
15608,0.9617301388861133,0.008814535683023818,0.029455325430862874
