id,Status_C,Status_CL,Status_D
15000,0.15523278341336877,0.01690011039725267,0.8278671061893785
15001,0.7527483265404104,0.00386128285505943,0.2433903906045302
15002,0.9060053241709772,0.003394890436099844,0.09059978539292314
15003,0.908519263657684,0.018335646958426745,0.07314508938388922
15004,0.8142354183871744,0.01358502110251419,0.17217956051031144
15005,0.35818722076875215,0.09203859336043493,0.5497741858708128
15006,0.7390634918468766,0.003951701923173546,0.2569848062299499
15007,0.1636392603563422,0.049184689462442345,0.7871760501812155
15008,0.7751070073362718,0.04088576478452749,0.1840072278792007
15009,0.653688027448174,0.003304089805003898,0.3430078827468222
15010,0.7181877030272378,0.016514667199220796,0.26529762977354143
15011,0.9291557286868783,0.002936648261826556,0.0679076230512951
15012,0.8216407083674124,0.011088587178913523,0.16727070445367412
15013,0.9789696066054794,0.0017389504280806904,0.01929144296643992
15014,0.9756553834614673,0.007710691267058425,0.01663392527147444
15015,0.06309384635917634,0.014111194071292129,0.9227949595695315
15016,0.958664987847931,0.009618128685862351,0.03171688346620662
15017,0.9427935282219223,0.0154751507569619,0.04173132102111581
15018,0.7871175665420576,0.048722091199744216,0.16416034225819828
15019,0.7266863611845735,0.01177537986961724,0.26153825894580923
15020,0.9020336014172203,0.007699880080660439,0.09026651850211913
15021,0.3412204080711799,0.01631283351721573,0.6424667584116043
15022,0.9578985353718371,0.003744862206237028,0.038356602421926
15023,0.966119094685988,0.01224080994860455,0.021640095365407393
15024,0.39030221175560353,0.13553915728344507,0.4741586309609513
15025,0.379944484423455,0.01478362159722303,0.6052718939793219
15026,0.6684724067584629,0.00575452519009465,0.3257730680514425
15027,0.03457894946654345,0.0037998141431207946,0.9616212363903357
15028,0.9450232092268573,0.028332871551446308,0.02664391922169633
15029,0.5172014013180116,0.028257295914625433,0.454541302767363
15030,0.22770776646241817,0.10726066757424896,0.665031565963333
15031,0.8965799871957073,0.03017105727058988,0.07324895553370275
15032,0.9262518220984381,0.01814655364770547,0.055601624253856376
15033,0.9003881508717949,0.0076279180895416614,0.09198393103866348
15034,0.1240111325419758,0.03273009452280682,0.8432587729352173
15035,0.6978940165776893,0.06327354186109503,0.23883244156121541
15036,0.11778598556092257,0.018678573476413274,0.8635354409626641
15037,0.1298143068064749,0.011017051465000184,0.8591686417285249
15038,0.48981286395673246,0.13001324078239612,0.3801738952608714
15039,0.8921551071123759,0.010136224465560492,0.0977086684220636
15040,0.1059233526079674,0.020097099658321235,0.8739795477337113
15041,0.048260521757062164,0.011289167231297442,0.9404503110116404
15042,0.9085098842082919,0.007942236067927913,0.08354787972378022
15043,0.8122958442867115,0.00449110901656081,0.18321304669672775
15044,0.4914929038035102,0.015156648363378225,0.4933504478331115
15045,0.7470163840092733,0.038722636300827125,0.21426097968989966
15046,0.911514572753054,0.039931335649388416,0.04855409159755739
15047,0.851168224923,0.028808475523717684,0.12002329955328234
15048,0.13574050784791625,0.005518696685127342,0.8587407954669565
15049,0.2683663765079616,0.041147567896214335,0.6904860555958241
15050,0.8191418237004034,0.005905014659102869,0.1749531616404938
15051,0.9200539902824947,0.019946998103067954,0.05999901161443744
15052,0.13120227201815984,0.033260914572462726,0.8355368134093774
15053,0.9365690787938921,0.03331018064315786,0.030120740562950006
15054,0.8320086090462289,0.025160791007004017,0.1428305999467671
15055,0.9620283243458793,0.006690132716957434,0.03128154293716326
15056,0.721774457428404,0.0596422632208731,0.21858327935072291
15057,0.8140273521188828,0.06822890707949011,0.11774374080162706
15058,0.9532787248272633,0.006074992218243223,0.040646282954493414
15059,0.931630316876108,0.00981451180927331,0.058555171314618716
15060,0.6829275496816424,0.016998589665343528,0.30007386065301395
15061,0.6591805305918904,0.014640604824648202,0.32617886458346146
15062,0.4608283428701547,0.21425534460282866,0.3249163125270168
15063,0.8082328463377851,0.005613667274979518,0.1861534863872354
15064,0.80415121835814,0.020323775804928012,0.17552500583693198
15065,0.9774746791479948,0.004920939257907714,0.01760438159409768
15066,0.37091870711419755,0.032608912515984814,0.5964723803698176
15067,0.6463193480295082,0.005193932739471852,0.34848671923102
15068,0.9799204905590965,0.013119193967389177,0.006960315473514469
15069,0.8790084218934154,0.009082539316194677,0.11190903879039002
15070,0.9014025534821761,0.03995438075974198,0.05864306575808181
15071,0.7381398727104492,0.00419901315421544,0.2576611141353354
15072,0.9603575551371961,0.0024603671443400145,0.03718207771846382
15073,0.06773976033604354,0.018273665618895905,0.9139865740450606
15074,0.9569080471341207,0.014213893820442781,0.028878059045436655
15075,0.31003125700854656,0.04471654527149159,0.6452521977199619
15076,0.6226708740811373,0.0483721125455783,0.3289570133732845
15077,0.8774999872661787,0.00460319293812121,0.11789681979570013
15078,0.8598781094809973,0.014976447464937096,0.12514544305406558
15079,0.985487527096538,0.003232733964720728,0.01127973893874144
15080,0.04749557264407136,0.005545916667539592,0.9469585106883891
15081,0.9107389587621286,0.020624111813122264,0.06863692942474926
15082,0.9515517923172702,0.023838198150092332,0.024610009532637356
15083,0.82131072205534,0.0568337882800846,0.12185548966457539
15084,0.9757657639301024,0.00905649917882436,0.015177736891073318
15085,0.8025976634928599,0.10886070305105632,0.08854163345608376
15086,0.9155087264869267,0.05295405726790518,0.031537216245168094
15087,0.22434611882293062,0.014045609211463425,0.761608271965606
15088,0.5897832304478936,0.005796365178512154,0.40442040437359433
15089,0.9630590991855544,0.002541080554109215,0.0343998202603365
15090,0.18722595056404584,0.012968786092538041,0.7998052633434161
15091,0.9094985756490924,0.05572281369434268,0.03477861065656482
15092,0.907276762092321,0.003275888125870219,0.08944734978180867
15093,0.9662750440734834,0.006235178839713523,0.0274897770868031
15094,0.4203787142517041,0.11449539340214698,0.4651258923461488
15095,0.6855333644179403,0.04732274626740098,0.26714388931465866
15096,0.9491263450981794,0.02551418692851843,0.02535946797330218
15097,0.9315081811788043,0.04999514070875037,0.01849667811244521
15098,0.30322650141185553,0.02130395846306394,0.6754695401250805
15099,0.7736977083077062,0.010472681513256322,0.2158296101790374
15100,0.8216795329700629,0.0300730429413744,0.14824742408856265
15101,0.9587533131300036,0.00915015755900895,0.032096529310987415
15102,0.03232139814362549,0.0029450313884545284,0.96473357046792
15103,0.9712082836328485,0.01121781305366517,0.017573903313486506
15104,0.8922260924632878,0.02981781408771789,0.0779560934489942
15105,0.05971693970598154,0.00499095965974468,0.9352921006342737
15106,0.06474929791355775,0.006126424181812717,0.9291242779046295
15107,0.3820930296062326,0.03647939037353385,0.5814275800202335
15108,0.5707023033338294,0.046448479978822906,0.38284921668734767
15109,0.9574094036423022,0.0026679981922874594,0.03992259816541029
15110,0.8470839572398072,0.04771833226281609,0.10519771049737651
15111,0.869999688442544,0.08062271301719309,0.0493775985402629
15112,0.9554364974709842,0.0047331569415895065,0.0398303455874264
15113,0.9905871149425678,0.0068229306118795414,0.0025899544455527924
15114,0.21577421323061888,0.027743477377107174,0.7564823093922739
15115,0.8280079538429218,0.04284180885077123,0.12915023730630704
15116,0.8783694833921106,0.004809581938257597,0.11682093466963174
15117,0.39001167357665056,0.010685004139697864,0.5993033222836516
15118,0.6480462078011444,0.007359349943233193,0.34459444225562247
15119,0.2628559228588628,0.005782434132355949,0.7313616430087813
15120,0.6721134911142507,0.011482559478760661,0.3164039494069887
15121,0.9720692112327385,0.006599904288677794,0.021330884478583754
15122,0.9587989411915528,0.009044258366129387,0.032156800442317585
15123,0.4027538763383843,0.02599669412275911,0.5712494295388566
15124,0.10741993234198473,0.021712131833607068,0.8708679358244081
15125,0.854843475849688,0.0065494685677890165,0.13860705558252298
15126,0.40536936655408756,0.2627386914718189,0.3318919419740936
15127,0.487431498140847,0.018962826497791425,0.4936056753613615
15128,0.99387883374823,0.0016952574235932108,0.004425908828176735
15129,0.08285237756542997,0.0306982120533597,0.8864494103812103
15130,0.6974667330270854,0.03365877995404742,0.2688744870188672
15131,0.16236743588681815,0.020263757677722746,0.817368806435459
15132,0.9572876169220321,0.007983910241084228,0.03472847283688359
15133,0.1395931929089066,0.02575032369169478,0.8346564833993987
15134,0.9703997508725236,0.006515494452761698,0.0230847546747148
15135,0.48532395931161576,0.01637638591888009,0.4982996547695043
15136,0.8820167571042702,0.011866915938374032,0.1061163269573559
15137,0.19824487684382483,0.005903635261568493,0.7958514878946068
15138,0.9386683648002284,0.0181854843771745,0.04314615082259691
15139,0.9665076939861718,0.009462156435374734,0.024030149578453328
15140,0.8335651659585196,0.012241578000277312,0.15419325604120293
15141,0.780263632399323,0.009028852853672234,0.2107075147470048
15142,0.5306733715446539,0.18248386106771303,0.2868427673876332
15143,0.5470875987298701,0.058710177060405384,0.3942022242097245
15144,0.8167713129644283,0.021294709339316223,0.16193397769625548
15145,0.9730540952601408,0.014502097090744827,0.012443807649114359
15146,0.2617125696304473,0.0029944885557987157,0.735292941813754
15147,0.9559051661163653,0.00619965123111329,0.0378951826525213
15148,0.3300632770707526,0.04509373099367738,0.62484299193557
15149,0.8545380455835294,0.025779029272173817,0.11968292514429661
15150,0.9776100515650014,0.0099909075680144,0.012399040866984306
15151,0.9498891230305917,0.009982500807648098,0.040128376161760036
15152,0.9627954139135824,0.00539189418187338,0.031812691904544346
15153,0.9442103589514339,0.010081840460258916,0.04570780058830716
15154,0.9449075941636927,0.016115145670598952,0.03897726016570836
15155,0.9199714312521017,0.012680460526624157,0.0673481082212741
15156,0.016716243288293825,0.0018648945123155634,0.9814188621993907
15157,0.9653986506158359,0.009756686937249915,0.024844662446914325
15158,0.6587676926361598,0.011239019362495098,0.32999328800134503
15159,0.7625218054122711,0.012807582986770894,0.22467061160095794
15160,0.27041936123889593,0.011105010985077922,0.7184756277760261
15161,0.9231304998775116,0.0031771274921840614,0.07369237263030429
15162,0.9246806352170133,0.006843773911882444,0.0684755908711042
15163,0.28975192579630626,0.0032040518947249372,0.7070440223089688
15164,0.9709672965406692,0.011278045740651589,0.01775465771867934
15165,0.9048031388262086,0.015436632217096352,0.07976022895669503
15166,0.5404763054877225,0.026080585754961947,0.43344310875731556
15167,0.6769696940264283,0.01736578226484212,0.30566452370872954
15168,0.672899925519184,0.013918844858036454,0.3131812296227796
15169,0.867473170567931,0.005066889057933689,0.12745994037413524
15170,0.9077109967401306,0.004894513250565495,0.08739449000930397
15171,0.4749245403371253,0.05510800097417915,0.46996745868869555
15172,0.9558785549681902,0.016895556432262374,0.027225888599547384
15173,0.9182353052217908,0.024778383193766955,0.05698631158444232
15174,0.18358092737394371,0.03671140983144154,0.7797076627946148
15175,0.8673676600703026,0.009008756056990046,0.12362358387270735
15176,0.9352492188292978,0.017412295474296922,0.047338485696405315
15177,0.971491711095906,0.014890552068230633,0.01361773683586325
15178,0.46649968699724537,0.008538103961377939,0.5249622090413768
15179,0.9625696244934234,0.011814184863138408,0.02561619064343808
15180,0.18988131488392535,0.012934458702412843,0.7971842264136617
15181,0.17233185579858232,0.012796815448968577,0.8148713287524492
15182,0.9744485893701054,0.0018381121344370468,0.02371329849545748
15183,0.4288063534778387,0.16436019723504636,0.406833449287115
15184,0.48132940685675435,0.03125294883568426,0.48741764430756157
15185,0.9880073899772323,0.0014269042155194353,0.010565705807248228
15186,0.8440670750892331,0.026244391957919843,0.12968853295284705
15187,0.055527610982354425,0.019311019027854037,0.9251613699897915
15188,0.5262465019241753,0.013371660415374052,0.46038183766045065
15189,0.3101562398886589,0.07603357947189948,0.6138101806394416
15190,0.9770585754357158,0.004951319991350991,0.017990104572932965
15191,0.9455929546315262,0.007401186966003922,0.04700585840246979
15192,0.9137178318647402,0.0075230928993831915,0.0787590752358765
15193,0.08647355268422702,0.014001130983215204,0.8995253163325577
15194,0.03773406643959969,0.004454502803149226,0.9578114307572512
15195,0.2882148746524396,0.005108869241669889,0.7066762561058906
15196,0.7822415495651572,0.01822486771474353,0.1995335827200993
15197,0.4887143892524152,0.0029587744312321433,0.5083268363163527
15198,0.9829727645729411,0.008768583141852648,0.008258652285206364
15199,0.9475672333899404,0.014766243747787445,0.037666522862272137
15200,0.10367976117827249,0.01896816830593531,0.8773520705157921
15201,0.8279494879215221,0.009791125013394748,0.1622593870650831
15202,0.9336487995987811,0.03525213439621422,0.031099066005004707
15203,0.4296072188767657,0.1069665371531736,0.4634262439700607
15204,0.039398213812957814,0.003528102651988845,0.9570736835350533
15205,0.914421489886135,0.019111881630886857,0.06646662848297805
15206,0.5770740621361068,0.010429603205027857,0.4124963346588654
15207,0.21540746771521074,0.0057875829072182765,0.778804949377571
15208,0.6583794258623934,0.007387306092165322,0.33423326804544146
15209,0.9848643757509367,0.007991184543960996,0.007144439705102183
15210,0.9136441489602926,0.011662494513170082,0.07469335652653739
15211,0.9334066939910477,0.01125084556283799,0.05534246044611428
15212,0.9808437165287553,0.01186037051779425,0.0072959129534502995
15213,0.7907314099194342,0.002733844383415089,0.2065347456971506
15214,0.9441482513348048,0.01546328503801916,0.04038846362717601
15215,0.06612165133579331,0.019519684111116237,0.9143586645530904
15216,0.875428211484461,0.03781791806743445,0.08675387044810451
15217,0.9523589869189032,0.005967166263141357,0.041673846817955454
15218,0.9524596950496879,0.0328019188608319,0.014738386089480287
15219,0.9692852630644662,0.008393132100073314,0.022321604835460366
15220,0.9490849191559486,0.02136122215366806,0.02955385869038334
15221,0.6853141954839397,0.07978229304454791,0.23490351147151248
15222,0.9774875070000058,0.008150751541439821,0.014361741458554449
15223,0.9712405520095799,0.017372157521442933,0.011387290468977022
15224,0.6836953382589456,0.01098739097423653,0.30531727076681775
15225,0.9526923745687466,0.012311537629507947,0.03499608780174551
15226,0.6762404212507444,0.0028137083515265876,0.32094587039772904
15227,0.5066316258333212,0.048599964439018394,0.44476840972766035
15228,0.7985669997370872,0.001704142631048298,0.19972885763186443
15229,0.8403057008780886,0.021878210780733168,0.13781608834117817
15230,0.03938701949401512,0.003443013129237366,0.9571699673767475
15231,0.07269520351937646,0.004323634923493412,0.9229811615571301
15232,0.14093625794212059,0.028186486875862216,0.8308772551820172
15233,0.9422184641094937,0.02615163321786557,0.0316299026726408
15234,0.09363225482245516,0.01587594006237664,0.8904918051151682
15235,0.8288779324372622,0.03241955938777066,0.13870250817496713
15236,0.24761808373285377,0.0252324342739647,0.7271494819931814
15237,0.8426984292597373,0.01490232239818233,0.14239924834208034
15238,0.55673025322734,0.004149485407589373,0.4391202613650707
15239,0.15176341085572484,0.034604241538063095,0.8136323476062121
15240,0.3791256538281745,0.018432058031402975,0.6024422881404226
15241,0.45081719942840714,0.12007554210784087,0.42910725846375203
15242,0.14543824624972704,0.05166729955942404,0.8028944541908489
15243,0.6862957705340338,0.03312254992999747,0.28058167953596874
15244,0.7177812109257378,0.00815839703423399,0.2740603920400283
15245,0.8917055579367783,0.0048269229208802835,0.10346751914234141
15246,0.9259281644243271,0.0027413783804186007,0.07133045719525419
15247,0.3273547982155094,0.0033629580364977355,0.6692822437479928
15248,0.047301520928381385,0.012191226291873898,0.9405072527797448
15249,0.8489057137480572,0.07242134985065785,0.07867293640128506
15250,0.9187984509560148,0.05118607088759923,0.030015478156385986
15251,0.8723394154900681,0.006771627147246903,0.12088895736268498
15252,0.8197469738766084,0.04501243140592896,0.1352405947174626
15253,0.9113721325725537,0.009037048768315644,0.07959081865913069
15254,0.8010782083111072,0.0038146734175149044,0.19510711827137783
15255,0.9033626313741013,0.004193299348831445,0.0924440692770673
15256,0.14367703994865386,0.016832307243112757,0.8394906528082333
15257,0.9727452456593301,0.010658739962130842,0.01659601437853904
15258,0.8111827167154478,0.0031472072867092505,0.1856700759978429
15259,0.915166829509888,0.024215792352405036,0.06061737813770696
15260,0.9450421835813527,0.0036638087455525166,0.05129400767309485
15261,0.9488492846032563,0.00896335161041799,0.0421873637863258
15262,0.5739569136083853,0.1953154521031614,0.23072763428845322
15263,0.2430478921263754,0.04281426061860918,0.7141378472550155
15264,0.8597055967912507,0.012253786341840912,0.1280406168669085
15265,0.03171160808468143,0.003380057061709994,0.9649083348536085
15266,0.09470168180831244,0.008327017576222458,0.8969713006154652
15267,0.4524093179680281,0.08532536535480736,0.4622653166771646
15268,0.9894236920895256,0.0049536593656355375,0.005622648544838587
15269,0.07308317174162277,0.02981703224865767,0.8970997960097196
15270,0.5805106787722399,0.167707997975382,0.25178132325237795
15271,0.9534290427129598,0.002977396829486292,0.04359356045755386
15272,0.6579284797660061,0.014739300593705278,0.3273322196402887
15273,0.92395063828599,0.04699310028826818,0.02905626142574196
15274,0.07833317351077766,0.005515741051833541,0.9161510854373889
15275,0.054247318050183145,0.0104375423981499,0.9353151395516669
15276,0.9505817616699465,0.01348358662872786,0.03593465170132559
15277,0.953386464116261,0.005382219603828395,0.04123131627991061
15278,0.46398046389055003,0.01208551310082209,0.5239340230086279
15279,0.16829332953109072,0.03649712854753282,0.7952095419213765
15280,0.7728308192369028,0.007778731241043565,0.21939044952205364
15281,0.6283255788190047,0.014256863693100955,0.3574175574878942
15282,0.7935635695865613,0.04471615921053291,0.16172027120290566
15283,0.6840759496210875,0.03344560579158521,0.2824784445873273
15284,0.3018018197536994,0.04357923488546249,0.6546189453608381
15285,0.6920341654109159,0.00718027659679529,0.30078555799228884
15286,0.16663956036157754,0.096498728606858,0.7368617110315646
15287,0.8211740061550932,0.005808712879697151,0.1730172809652098
15288,0.9344360660736909,0.03336803615633178,0.03219589776997739
15289,0.6366883057754097,0.13709738597825424,0.22621430824633612
15290,0.21567877695644713,0.023102524211093517,0.7612186988324593
15291,0.8489032384975105,0.012818257067424186,0.13827850443506537
15292,0.9282791604259896,0.038984709459694934,0.0327361301143154
15293,0.049461217009212785,0.004152935406758542,0.9463858475840287
15294,0.9743095826414564,0.004874577413196385,0.02081583994534709
15295,0.9186119584961823,0.03839116376832499,0.042996877735492725
15296,0.8773522518759611,0.017345430644241263,0.10530231747979749
15297,0.1435992937541887,0.009129154795338296,0.8472715514504731
15298,0.9927880300726615,0.001540108450519045,0.0056718614768194835
15299,0.7765425110159232,0.04151671721895995,0.18194077176511686
15300,0.8043529761973497,0.005269395410630769,0.19037762839201955
15301,0.05208521789514382,0.02993550540276133,0.9179792767020949
15302,0.949383952044043,0.01710171572863899,0.033514332227317915
15303,0.39684734507749186,0.012095081641929883,0.5910575732805782
15304,0.8900822964506424,0.012338587765174191,0.0975791157841834
15305,0.6487264298810062,0.010668303287528895,0.34060526683146497
15306,0.980451672505773,0.005504831640479635,0.014043495853747368
15307,0.8178900451503669,0.012904706196186238,0.16920524865344683
15308,0.8269379944628127,0.006213043924796454,0.16684896161239082
15309,0.4288157899672376,0.0713962056507631,0.4997880043819992
15310,0.9834215666170177,0.007055719374917355,0.009522714008064774
15311,0.2971645893806008,0.006253328937595917,0.6965820816818034
15312,0.3849586780168411,0.12716133274401034,0.4878799892391486
15313,0.8233715972165596,0.012771517667152656,0.1638568851162876
15314,0.993652977364017,0.0030999365595891833,0.00324708607639379
15315,0.5370247887769807,0.06830801907547598,0.3946671921475433
15316,0.8781182697780823,0.005382231478241459,0.11649949874367638
15317,0.7439280413664325,0.006534206742017429,0.24953775189155003
15318,0.9235206612167508,0.009451103200515952,0.06702823558273341
15319,0.136671626054438,0.01940986084052472,0.8439185131050373
15320,0.3924455129364428,0.03542914896152034,0.5721253381020368
15321,0.24842214339714577,0.07052049561379779,0.6810573609890564
15322,0.9497428435053734,0.004876247278714595,0.04538090921591211
15323,0.9802969736072297,0.006710183590895393,0.012992842801874826
15324,0.8196229745137745,0.022769558940759337,0.157607466545466
15325,0.10487923856291885,0.020270472015112194,0.874850289421969
15326,0.8706744020305799,0.010006288023545409,0.1193193099458748
15327,0.12714817818037952,0.020808464161013812,0.8520433576586066
15328,0.8343743067020529,0.00541576910644774,0.16020992419149946
15329,0.757330564970576,0.004125514786606064,0.2385439202428179
15330,0.042641570394702705,0.0041752653502547974,0.9531831642550423
15331,0.9831798786115737,0.0028533179569912906,0.01396680343143502
15332,0.40729577729256544,0.07822134828430351,0.514482874423131
15333,0.7918684597939843,0.00628283681160418,0.20184870339441144
15334,0.987348259576488,0.005400044646889044,0.007251695776622956
15335,0.9611467351545514,0.0013885240673185242,0.037464740778130036
15336,0.9824859037864151,0.003780607529602352,0.013733488683982598
15337,0.7864389289896572,0.003985694548757564,0.20957537646158517
15338,0.9825206309468152,0.0031102484697047156,0.014369120583480128
15339,0.9338631580286271,0.0026500168807974773,0.06348682509057546
15340,0.956556546812212,0.002610502785841243,0.04083295040194685
15341,0.8219386081419888,0.018340146091839662,0.15972124576617144
15342,0.9553205466205742,0.00882429540457011,0.03585515797485565
15343,0.811130913058163,0.04105224665589214,0.14781684028594488
15344,0.737288539193051,0.0720300184486354,0.19068144235831352
15345,0.09174073844441576,0.006836776775315318,0.9014224847802689
15346,0.3242318588642985,0.00266342363443617,0.6731047175012653
15347,0.8752958350844091,0.03641842495132272,0.08828573996426815
15348,0.888393389562357,0.007486055980793779,0.10412055445684924
15349,0.9434566127430344,0.00408727453179303,0.05245611272517258
15350,0.9497000100831392,0.013621061567543821,0.03667892834931709
15351,0.8447801771944524,0.011188682381022675,0.144031140424525
15352,0.7847705970813552,0.0257527418606832,0.18947666105796157
15353,0.7286318802133688,0.01085505655909849,0.26051306322753276
15354,0.8007544993002025,0.023991654872687566,0.17525384582711004
15355,0.8992688169502203,0.030289530738422735,0.07044165231135704
15356,0.7496500213501535,0.00691928498678069,0.24343069366306583
15357,0.9592932651293061,0.006098789476482817,0.03460794539421115
15358,0.9163293689051992,0.03658110559866581,0.04708952549613513
15359,0.5854134811058083,0.014072121547135668,0.400514397347056
15360,0.8626523034200917,0.021632618856485347,0.11571507772342293
15361,0.9418909068960089,0.0442949547415507,0.013814138362440373
15362,0.7891066576574643,0.02916280497406873,0.18173053736846684
15363,0.9453897103139318,0.01402891346792702,0.04058137621814112
15364,0.8674592988742877,0.005196186324328312,0.12734451480138395
15365,0.6812195496602322,0.02813762266723347,0.29064282767253424
15366,0.19675625313072465,0.007794555686745563,0.7954491911825298
15367,0.9680583501439898,0.005671327447813216,0.026270322408197242
15368,0.9467432807004686,0.027600150909914682,0.02565656838961674
15369,0.6679052179313988,0.031274674697200786,0.30082010737140036
15370,0.9311061891255216,0.006509607342809858,0.06238420353166856
15371,0.15592634218396895,0.005329804157795869,0.8387438536582352
15372,0.9488864716722122,0.0024834270399464705,0.048630101287841246
15373,0.8840681590322661,0.007207801091686109,0.1087240398760476
15374,0.9613282674077027,0.01668323058443215,0.021988502007865226
15375,0.9043337536033375,0.04479142386806119,0.050874822528601316
15376,0.9898785773243213,0.006734935861228938,0.003386486814449605
15377,0.8000299389659205,0.025168757277034735,0.1748013037570448
15378,0.9887847157461467,0.00445116991260827,0.006764114341245214
15379,0.4982974334682832,0.02314143120140199,0.47856113533031475
15380,0.9916001155035837,0.0015429936924971463,0.00685689080391911
15381,0.42561457603373404,0.09227097918427389,0.48211444478199206
15382,0.356592030812634,0.006777216652113759,0.6366307525352523
15383,0.8714268873018417,0.041550064352805186,0.08702304834535313
15384,0.03363449349256929,0.007710876015067819,0.9586546304923629
15385,0.8578643352542933,0.04331194414817942,0.09882372059752723
15386,0.6716098256709631,0.07300276550320804,0.255387408825829
15387,0.970306888815474,0.003325213955727204,0.026367897228798905
15388,0.9495217270229553,0.0021387740516348184,0.04833949892540981
15389,0.9251893021218491,0.003613723226596232,0.07119697465155451
15390,0.6694366890545294,0.01085557068079125,0.3197077402646794
15391,0.7152683494557412,0.014205192911809408,0.27052645763244937
15392,0.8953575321949322,0.047377441526746535,0.057265026278321224
15393,0.12715262252328044,0.02471127438519796,0.8481361030915217
15394,0.9237895999869369,0.016243051511178285,0.05996734850188483
15395,0.7293641644669011,0.008555389216952551,0.2620804463161464
15396,0.7027650053597946,0.014677460194578013,0.2825575344456274
15397,0.8807050098381054,0.006853440262149355,0.11244154989974516
15398,0.954273958893724,0.01770909427653007,0.02801694682974598
15399,0.8357114747017084,0.03431546783358237,0.12997305746470927
15400,0.8613616651308976,0.020443736306408018,0.11819459856269438
15401,0.8296062687359879,0.025545510598812896,0.14484822066519912
15402,0.4072383714768449,0.04152728731850019,0.5512343412046549
15403,0.2659460307220403,0.023919655350948615,0.7101343139270111
15404,0.8014849485116667,0.03137838812165012,0.16713666336668312
15405,0.7956809176794498,0.005632996207991309,0.19868608611255895
15406,0.1835977480589152,0.009346878729199808,0.807055373211885
15407,0.5863197088723907,0.03299408310564063,0.3806862080219686
15408,0.7687471602408219,0.014925194494032516,0.21632764526514553
15409,0.9286380640655786,0.03934850660235721,0.032013429332064115
15410,0.48749644207653275,0.022922314215926227,0.48958124370754097
15411,0.9496691467228058,0.004468698832077884,0.04586215444511632
15412,0.4413062166696594,0.06578432178557142,0.4929094615447692
15413,0.04249698447360696,0.010805733082371283,0.9466972824440217
15414,0.9814294713746041,0.007597354434461895,0.010973174190933912
15415,0.2554126151771135,0.05864131954368481,0.6859460652792018
15416,0.8109521493305493,0.008171943564403965,0.1808759071050467
15417,0.425917889590394,0.04356986953274234,0.5305122408768637
15418,0.613834092977637,0.04532421219332868,0.34084169482903426
15419,0.6412020356355967,0.10674346415616215,0.25205450020824116
15420,0.04143347864694449,0.020449814335743534,0.938116707017312
15421,0.021615868504446155,0.0025686306532950514,0.9758155008422589
15422,0.7505835594677018,0.07185773156287323,0.17755870896942488
15423,0.20487602266028954,0.008957196326573172,0.7861667810131373
15424,0.17025738965768797,0.03029449443422011,0.7994481159080918
15425,0.9656212568495834,0.0022166557123176607,0.03216208743809892
15426,0.8831280207089299,0.007616570853849169,0.10925540843722084
15427,0.9048058265151763,0.04549609315141556,0.049698080333408196
15428,0.2733183242924809,0.04028915823779964,0.6863925174697195
15429,0.754723854927484,0.007779235347786625,0.23749690972472948
15430,0.9425982652602736,0.034051494918912885,0.0233502398208136
15431,0.6881801238741603,0.052295844137762976,0.25952403198807683
15432,0.9410196715245186,0.014584761387423404,0.044395567088057974
15433,0.9331800966142867,0.005176649473136537,0.06164325391257659
15434,0.16535286618638537,0.020911460911791947,0.8137356729018227
15435,0.9458829027564958,0.006032830652366578,0.048084266591137625
15436,0.5957071017715346,0.006901003775596827,0.3973918944528686
15437,0.1893034318479654,0.11321607220877729,0.6974804959432572
15438,0.9217410435803535,0.03353519564062422,0.04472376077902226
15439,0.03928346104816128,0.003889283313275058,0.9568272556385636
15440,0.23256026711718872,0.008591991023986377,0.7588477418588249
15441,0.03399791932733566,0.002497891696914985,0.9635041889757494
15442,0.4948735588373917,0.028317706488227148,0.4768087346743813
15443,0.4737667706797328,0.023807531228031947,0.5024256980922354
15444,0.7883973936137509,0.04073124462031306,0.17087136176593598
15445,0.5086652567371128,0.008222690863651882,0.4831120523992354
15446,0.9720986126237693,0.018526570832314477,0.009374816543916198
15447,0.8730693075430281,0.0064065230424283056,0.12052416941454362
15448,0.03254071106560098,0.005210348250799065,0.9622489406835999
15449,0.9091680277749323,0.027030163549325106,0.06380180867574262
15450,0.7186679561179702,0.018541302594268085,0.26279074128776164
15451,0.1757861429546817,0.06234559184608199,0.7618682651992362
15452,0.9202237735360823,0.007156268414384327,0.07261995804953335
15453,0.8615180291139635,0.004885556166950681,0.13359641471908595
15454,0.8828066934607437,0.019748571497339974,0.09744473504191653
15455,0.5875808851603405,0.008814464309294565,0.403604650530365
15456,0.9725016945757048,0.00371174611823057,0.023786559306064606
15457,0.4565282520340227,0.004499114790218937,0.5389726331757584
15458,0.4501246203389264,0.17752528013417507,0.3723500995268984
15459,0.13454426096016464,0.01948265052117615,0.8459730885186592
15460,0.9577339703387513,0.0029974118512473996,0.03926861781000121
15461,0.4627033810045027,0.04339389588551326,0.4939027231099839
15462,0.1047121666912113,0.01070269279289381,0.8845851405158949
15463,0.3488332204722981,0.012130215420563344,0.6390365641071386
15464,0.818462531990945,0.04282277360442403,0.13871469440463094
15465,0.8092214507720805,0.017284573473443594,0.17349397575447603
15466,0.9844375822627162,0.006954880035363394,0.008607537701920354
15467,0.34605840397505344,0.011441175735389442,0.642500420289557
15468,0.2297419754554722,0.0366015249757731,0.7336564995687548
15469,0.7478566385752486,0.030637970433313233,0.22150539099143823
15470,0.9295854472725454,0.029524859732182055,0.040889692995272425
15471,0.7875410992605264,0.020024823924555506,0.19243407681491814
15472,0.9514546467509079,0.01956190375983606,0.028983449489256168
15473,0.5113391602532246,0.021998758084168932,0.4666620816626066
15474,0.15696437789547196,0.00634084684695277,0.8366947752575753
15475,0.9243700502378751,0.008423887255760258,0.0672060625063647
15476,0.5823443426202323,0.011000700674580524,0.40665495670518725
15477,0.9240999646474167,0.007902161799864358,0.06799787355271888
15478,0.873716862525883,0.028023927407743024,0.09825921006637409
15479,0.8753706232688848,0.027336066095681642,0.0972933106354335
15480,0.8320555203395387,0.01568525351609566,0.15225922614436563
15481,0.5412971046676037,0.2586720563201471,0.20003083901224922
15482,0.7595121663899138,0.005953762008393237,0.23453407160169293
15483,0.9267692846321197,0.004519256386800472,0.06871145898107996
15484,0.15150693063447657,0.026846810927268573,0.8216462584382549
15485,0.028459354623828925,0.0065537550213196835,0.9649868903548514
15486,0.8303418021729055,0.012514879198672347,0.15714331862842212
15487,0.9830050912001321,0.0031324792953321746,0.013862429504535673
15488,0.6035116907908399,0.03542896799969493,0.3610593412094652
15489,0.8462375453942832,0.002558738039660007,0.15120371656605688
15490,0.29832765217444024,0.08462529277667556,0.6170470550488842
15491,0.9361948857418007,0.04727657820830967,0.016528536049889606
15492,0.9160895657850116,0.005228817015664734,0.0786816171993237
15493,0.4212694364469454,0.027266649396186258,0.5514639141568684
15494,0.9665630885746254,0.004577199260544196,0.02885971216483039
15495,0.5698902633735654,0.005668828855339812,0.4244409077710948
15496,0.8684860130784026,0.006019200143830141,0.1254947867777674
15497,0.3693473282997777,0.004250755385854576,0.6264019163143678
15498,0.9082778016655577,0.0028480146845890324,0.08887418364985343
15499,0.9672924290912789,0.01155439930115631,0.021153171607564854
15500,0.6851394979218811,0.029973741673143886,0.284886760404975
15501,0.9183980552218535,0.006777422145627979,0.07482452263251843
15502,0.9472121148486763,0.014603848371081973,0.038184036780241924
15503,0.18203134682122296,0.011889790078293655,0.8060788631004835
15504,0.17977919980747306,0.005097398011557014,0.8151234021809699
15505,0.043743025941670066,0.004713775780985599,0.9515431982773443
15506,0.4552409307814222,0.0037671572985992796,0.5409919119199785
15507,0.904704485835168,0.03321005918375518,0.0620854549810768
15508,0.046904577812498,0.0061738874297578876,0.9469215347577442
15509,0.9609281272311163,0.018290951897684832,0.020780920871198726
15510,0.7728619615684282,0.004122191463612353,0.22301584696795945
15511,0.9481277623497868,0.028749662649389246,0.023122575000823955
15512,0.47097952883258615,0.003847008324020642,0.5251734628433933
15513,0.860328285385501,0.015303899016773433,0.12436781559772564
15514,0.904407125235266,0.03562114810943362,0.0599717266553005
15515,0.8697456645593888,0.011291810076154688,0.11896252536445666
15516,0.7483532401027474,0.021618770650938073,0.23002798924631454
15517,0.9796921128189262,0.003283626252883577,0.01702426092819024
15518,0.9522689732507961,0.004818373571622122,0.04291265317758167
15519,0.689772347554997,0.005280884620312945,0.30494676782468993
15520,0.6852534551004028,0.00807486443571101,0.30667168046388615
15521,0.9414349600828218,0.04389103923267492,0.014674000684503306
15522,0.9674041771974993,0.00756118731344919,0.02503463548905155
15523,0.9591274842184011,0.017977636188128556,0.022894879593470252
15524,0.14427724867279815,0.056700043594702786,0.799022707732499
15525,0.7199828246069675,0.005429094993782437,0.27458808039925003
15526,0.5503988389076258,0.01374591389924958,0.4358552471931247
15527,0.8738113921183024,0.02142207647438431,0.10476653140731325
15528,0.7609734255532172,0.005650673902204857,0.23337590054457788
15529,0.8943943434663856,0.0037106502960609442,0.10189500623755351
15530,0.9848707485452238,0.011176977136852489,0.003952274317923731
15531,0.06339220209286331,0.006081654720250318,0.9305261431868863
15532,0.09546416812914334,0.030271496431339813,0.8742643354395169
15533,0.964816140111647,0.01125341495099334,0.023930444937359522
15534,0.4596481698183836,0.013189681634314254,0.5271621485473023
15535,0.9142199753945667,0.006454247687085225,0.079325776918348
15536,0.49497446077462487,0.04101101968772425,0.4640145195376507
15537,0.3861639959391737,0.04892059879763202,0.5649154052631943
15538,0.9457983812203717,0.013820558563506245,0.04038106021612191
15539,0.9489275574579409,0.015878786634978718,0.03519365590708055
15540,0.8495802327342509,0.01035132426709156,0.1400684429986576
15541,0.25606332352058137,0.16244169615190984,0.5814949803275088
15542,0.9210066179712025,0.017979586386198967,0.06101379564259836
15543,0.9548425756288642,0.0028681423948407185,0.04228928197629506
15544,0.9556731116185558,0.004587601266466156,0.03973928711497792
15545,0.48224566989915574,0.056650686006690355,0.46110364409415383
15546,0.8608276728528251,0.047644176784536724,0.09152815036263823
15547,0.9278370275868162,0.005858975185597611,0.06630399722758637
15548,0.5313301846435332,0.16206963799396942,0.30660017736249745
15549,0.9418384387770978,0.029674022762619965,0.028487538460282312
15550,0.06764390632695405,0.0384518061169191,0.8939042875561269
15551,0.7983135845499195,0.01720065618885054,0.18448575926123004
15552,0.3171538466989863,0.015654171037017786,0.667191982263996
15553,0.9572490041141708,0.006382944146873317,0.03636805173895581
15554,0.7638840592820657,0.03033056514520938,0.20578537557272492
15555,0.11120734658254977,0.05853927546548753,0.8302533779519626
15556,0.9883620534041828,0.001998649975138101,0.009639296620679139
15557,0.7941844025132988,0.014438378425079987,0.1913772190616211
15558,0.9633194617705826,0.012960252455023672,0.023720285774393824
15559,0.8541446192588582,0.004225301962102256,0.14163007877903955
15560,0.9380047161959421,0.007389485453214744,0.05460579835084331
15561,0.12811045633302898,0.048042252330848086,0.823847291336123
15562,0.9851019735798221,0.009489370930820753,0.0054086554893570445
15563,0.9414313810344112,0.0021743590598611627,0.056394259905727655
15564,0.09334655502975331,0.038200436936020314,0.8684530080342264
15565,0.33428525111560065,0.07030110438450554,0.5954136444998938
15566,0.9253417601163271,0.03704329289753219,0.037614946986140804
15567,0.951921569492144,0.0018217648183251776,0.04625666568953097
15568,0.9143158094724241,0.039120720199986206,0.04656347032758975
15569,0.12333114408112349,0.07687349635631366,0.7997953595625628
15570,0.9651572253414615,0.010305222161595295,0.024537552496943227
15571,0.988276189776419,0.00640377744937018,0.005320032774211062
15572,0.9053890028361374,0.011851157251591493,0.08275983991227108
15573,0.5132877006134283,0.1497837746081757,0.33692852477839597
15574,0.04726824546473092,0.010293921441013331,0.9424378330942557
15575,0.9862574660988037,0.01030007523410718,0.0034424586670889212
15576,0.8982875712337564,0.0035208774935868424,0.09819155127265686
15577,0.14034046567792702,0.003420709284488336,0.8562388250375846
15578,0.7129669011817084,0.03569621520506288,0.25133688361322865
15579,0.464219412834242,0.1875872489792126,0.3481933381865455
15580,0.6929424517776004,0.13751875141267034,0.16953879680972947
15581,0.16516674892255653,0.01979990955598475,0.8150333415214587
15582,0.37648760957008093,0.04595093932143054,0.5775614511084884
15583,0.7350077416642932,0.011008035803686207,0.2539842225320206
15584,0.9071339402740567,0.005660740264181496,0.08720531946176195
15585,0.45306083341202746,0.03967649073505479,0.5072626758529177
15586,0.19827684893115688,0.07022812674199302,0.7314950243268501
15587,0.8687006039255519,0.017143027507149744,0.11415636856729827
15588,0.036680468786755474,0.0033501737261924084,0.9599693574870521
15589,0.5245241636405571,0.1640745880378393,0.3114012483216036
15590,0.99049523967907,0.007641535087227501,0.0018632252337025248
15591,0.5521851448460106,0.17277189844033605,0.2750429567136534
15592,0.9027613899707574,0.004825626412295305,0.09241298361694714
15593,0.9684476824171546,0.006075483313603551,0.025476834269241872
15594,0.03989713090571062,0.004358856756805094,0.9557440123374842
15595,0.6190733177435929,0.004677109520838991,0.37624957273556814
15596,0.7881964447425631,0.025871814752531915,0.18593174050490488
15597,0.9270620284667396,0.025423437109696516,0.04751453442356386
15598,0.9865050603599009,0.007945794889789193,0.005549144750310071
15599,0.057911923718497474,0.01477461501575168,0.927313461265751
15600,0.6363099849040871,0.003862715280602217,0.3598272998153107
15601,0.6853020980320345,0.00328490859895361,0.3114129933690119
15602,0.7822386654178992,0.011173491689854903,0.2065878428922459
15603,0.8895334903402943,0.007856194597076172,0.10261031506262941
15604,0.9017568670182926,0.003970800268796566,0.09427233271291079
15605,0.8290720460689989,0.08713102196862424,0.08379693196237692
15606,0.7101963344767819,0.04410232010568228,0.24570134541753585
15607,0.08140506472711687,0.013743580677313058,0.90485135459557
15608,0.9604965933930357,0.009373828322583481,0.030129578284380933
15609,0.8576768242784331,0.007038898978187901,0.13528427674337912
